2024	1	23
2023	12	31
2023	8	3
2024	2	26
2024	1	23
2023	10	26
2023	12	31
2024	2	26
2023	9	3
2023	8	3
2023	9	3
2024	1	23
2024	2	26
2023	12	31
2023	9	3
2023	10	26
2023	11	23
2023	9	3
2023	8	3
2024	1	23
2023	9	3
2023	9	3
2024	3	20
2023	10	26
2024	1	23
2023	11	23
2024	3	20
2024	1	23
2024	3	20
2023	11	23
2024	3	20
2024	1	23
2023	12	22
2024	3	20
2024	1	28
2024	5	20
2023	12	22
2024	3	20
2023	12	22
2023	12	22
2024	1	28
2024	5	20
2023	12	22
2023	12	22
2023	9	27
2024	1	28
2024	5	20
2023	12	22
2023	11	28
2023	9	27
2023	11	28
2023	9	27
2024	1	28
2024	2	21
2024	4	22
2023	11	28
2023	9	27
2023	9	2
2024	4	22
2023	9	2
2024	2	21
2023	9	27
2023	11	28
2023	9	2
2024	4	22
2023	9	2
2023	11	28
2024	2	21
2023	9	2
2023	9	2
2024	4	22
2023	11	28
2024	4	22
2024	2	21
2023	11	28
2024	4	22
2023	11	28
2024	2	21
2024	4	22
2023	11	28
2024	3	21
2024	2	21
2024	3	21
2023	12	23
2023	12	23
2024	3	21
2023	12	23
2024	3	21
2024	3	21
2023	12	23
2023	12	23
2023	12	30
2024	2	21
2023	12	23
2024	3	21
2024	3	21
2023	12	30
2023	12	23
2023	12	23
2023	12	30
2023	12	30
2024	2	25
2023	12	30
2023	12	30
2024	2	25
2024	3	28
2023	9	1
2024	3	28
2023	12	30
2024	3	28
2023	9	1
2023	10	2
2024	3	28
2024	2	25
2023	9	1
2023	9	1
2023	10	30
2024	2	25
2023	10	2
2024	3	22
2023	9	1
2024	3	22
2024	3	22
2023	12	24
2023	9	1
2024	3	22
2023	12	24
2024	2	25
2023	12	24
2024	3	22
2024	3	22
2024	1	24
2023	12	24
2024	3	22
2023	10	2
2023	10	30
2024	3	22
2023	12	24
2023	12	24
2024	2	25
2023	12	24
2024	1	24
2023	12	24
2023	10	2
2023	10	30
2024	1	24
2023	10	2
2024	3	27
2024	3	27
2023	10	30
2024	3	23
2024	3	27
2023	9	28
2024	3	27
2024	1	24
2024	3	23
2024	3	23
2024	3	27
2024	3	27
2024	3	23
2024	3	23
2024	3	23
2024	3	23
2023	9	28
2024	3	23
2024	1	24
2023	10	30
2023	9	28
2023	12	25
2023	12	25
2024	1	24
2023	12	25
2023	9	28
2023	12	25
2023	10	30
2023	12	25
2023	8	2
2023	12	25
2024	1	24
2023	12	25
2023	12	29
2023	12	25
2023	12	29
2024	3	26
2023	12	25
2024	3	24
2024	3	26
2024	3	26
2023	12	29
2024	3	24
2024	3	24
2024	3	26
2024	3	26
2023	11	27
2024	3	24
2023	12	29
2024	3	24
2024	3	26
2024	3	26
2023	12	29
2023	10	27
2024	3	24
2024	3	24
2023	12	29
2023	11	27
2024	3	24
2023	12	29
2023	11	27
2023	10	27
2023	11	27
2023	8	31
2023	10	27
2024	4	23
2024	3	25
2023	8	31
2024	3	25
2023	11	27
2024	3	25
2024	3	25
2024	3	25
2024	3	25
2023	8	31
2024	3	25
2024	3	25
2024	4	23
2023	12	26
2023	10	27
2023	11	27
2023	12	26
2023	8	31
2023	12	26
2023	11	24
2024	1	27
2024	4	23
2023	8	31
2023	12	26
2023	11	27
2023	12	26
2023	12	26
2023	11	24
2024	4	23
2024	1	27
2023	12	28
2023	12	26
2023	12	28
2023	11	27
2023	12	28
2023	12	26
2023	12	28
2023	12	26
2023	11	24
2023	12	28
2024	1	27
2023	12	28
2023	12	26
2023	12	28
2023	12	28
2023	11	24
2024	1	27
2024	1	27
2024	2	22
2024	2	22
2023	12	27
2024	1	27
2023	12	27
2023	12	27
2023	12	27
2023	12	27
2023	12	27
2023	12	27
2023	12	27
2023	12	27
2024	2	22
2024	2	22
2024	2	24
2024	2	22
2024	2	24
2024	2	22
2024	2	24
2023	10	1
2023	9	29
2024	2	24
2023	9	29
2023	10	1
2024	2	24
2023	10	1
2023	9	29
2023	10	1
2024	2	24
2023	9	29
2024	1	25
2023	8	30
2023	10	1
2023	9	29
2023	8	30
2024	1	25
2023	8	30
2024	1	25
2024	1	25
2024	1	25
2023	11	26
2024	1	25
2023	11	26
2024	1	25
2023	11	26
2023	11	25
2023	11	26
2023	10	29
2023	11	25
2023	11	26
2023	11	25
2023	10	29
2023	11	25
2023	11	26
2023	11	25
2023	11	26
2023	10	29
2023	11	25
2024	2	23
2024	2	23
2023	10	29
2024	2	23
2024	1	26
2024	2	23
2024	2	23
2024	2	23
2023	10	29
2024	1	26
2023	9	30
2023	10	28
2023	9	30
2024	1	26
2023	9	30
2023	9	30
2023	9	30
2024	1	26
2023	10	28
2024	1	26
2024	1	26
2023	10	28
2023	10	28
2023	10	28
		
