2024	1	1
2024	1	1
2024	1	1
2024	1	17
2024	1	17
2024	1	17
2024	1	17
2024	1	18
2024	1	18
2024	1	18
2024	1	18
2024	1	18
2024	1	18
2024	1	18
2024	1	19
2024	1	19
2024	1	19
2024	1	19
2024	1	19
2024	1	19
2024	1	19
2024	1	19
2024	1	20
2024	1	20
2024	1	20
2024	1	20
2024	1	20
2024	1	20
2024	1	20
2024	1	20
2024	1	20
2024	1	21
2024	1	21
2024	1	21
2024	1	21
2024	1	21
2024	1	21
2024	1	21
2024	1	21
2024	1	21
2024	1	21
2024	1	22
2024	1	22
2024	1	22
2024	1	22
2024	1	22
2024	1	22
2024	1	22
2024	1	22
2024	1	22
2024	1	23
2024	1	23
2024	1	23
2024	1	23
2024	1	23
2024	1	23
2024	1	23
2024	1	23
2024	1	23
2024	1	24
2024	1	24
2024	1	24
2024	1	24
2024	1	24
2024	1	24
2024	1	24
2024	1	24
2024	1	25
2024	1	25
2024	1	25
2024	1	25
2024	1	25
2024	1	25
2024	1	25
2024	1	26
2024	1	26
2024	1	26
2024	1	26
2024	1	26
2024	1	27
2024	1	27
2024	1	27
2024	1	27
2024	1	28
2024	1	28
2024	2	12
2024	2	13
2024	2	13
2024	2	13
2024	2	13
2024	2	13
2024	2	14
2024	2	14
2024	2	14
2024	2	14
2024	2	14
2024	2	14
2024	2	14
2024	2	15
2024	2	15
2024	2	15
2024	2	15
2024	2	15
2024	2	15
2024	2	15
2024	2	15
2024	2	16
2024	2	16
2024	2	16
2024	2	16
2024	2	16
2024	2	16
2024	2	16
2024	2	16
2024	2	16
2024	2	17
2024	2	17
2024	2	17
2024	2	17
2024	2	17
2024	2	17
2024	2	17
2024	2	17
2024	2	18
2024	2	18
2024	2	18
2024	2	18
2024	2	18
2024	2	18
2024	2	18
2024	2	18
2024	2	18
2024	2	19
2024	2	19
2024	2	19
2024	2	19
2024	2	19
2024	2	19
2024	2	19
2024	2	19
2024	2	20
2024	2	20
2024	2	20
2024	2	20
2024	2	20
2024	2	20
2024	2	20
2024	2	21
2024	2	21
2024	2	21
2024	2	21
2024	2	21
2024	2	21
2024	2	21
2024	2	22
2024	2	22
2024	2	22
2024	2	22
2024	2	22
2024	2	22
2024	2	23
2024	2	23
2024	2	23
2024	2	23
2024	2	23
2024	2	24
2024	2	24
2024	2	24
2024	2	24
2024	2	25
2024	2	25
2024	2	25
2024	2	25
2024	2	25
2024	2	26
2024	2	26
2024	2	26
2024	2	26
2024	2	27
2024	2	27
2024	2	27
2024	2	27
2024	2	27
2024	2	28
2024	2	28
2024	2	28
2024	2	28
2024	3	10
2024	3	10
2024	3	11
2024	3	11
2024	3	11
2024	3	11
2024	3	11
2024	3	12
2024	3	12
2024	3	12
2024	3	12
2024	3	12
2024	3	12
2024	3	13
2024	3	13
2024	3	13
2024	3	13
2024	3	13
2024	3	13
2024	3	13
2024	3	14
2024	3	14
2024	3	14
2024	3	14
2024	3	14
2024	3	14
2024	3	14
2024	3	14
2024	3	15
2024	3	15
2024	3	15
2024	3	15
2024	3	15
2024	3	15
2024	3	15
2024	3	16
2024	3	16
2024	3	16
2024	3	16
2024	3	16
2024	3	16
2024	3	16
2024	3	17
2024	3	17
2024	3	17
2024	3	17
2024	3	17
2024	3	17
2024	3	17
2024	3	18
2024	3	18
2024	3	18
2024	3	18
2024	3	18
2024	3	18
2024	3	19
2024	3	19
2024	3	19
2024	3	19
2024	3	19
2024	3	19
2024	3	20
2024	3	20
2024	3	20
2024	3	20
2024	3	20
2024	3	21
2024	3	21
2024	3	21
2024	3	21
2024	3	21
2024	3	21
2024	3	22
2024	3	22
2024	3	22
2024	3	22
2024	3	22
2024	3	22
2024	3	23
2024	3	23
2024	3	23
2024	3	23
2024	3	23
2024	3	23
2024	3	23
2024	3	24
2024	3	24
2024	3	24
2024	3	24
2024	3	24
2024	3	24
2024	3	24
2024	3	25
2024	3	25
2024	3	25
2024	3	25
2024	3	25
2024	3	25
2024	3	26
2024	3	26
2024	3	26
2024	3	26
2024	3	26
2024	3	27
2024	3	27
2024	3	27
2024	3	27
2024	4	7
2024	4	7
2024	4	8
2024	4	8
2024	4	8
2024	4	8
2024	4	9
2024	4	9
2024	4	9
2024	4	9
2024	4	9
2024	4	10
2024	4	10
2024	4	10
2024	4	10
2024	4	10
2024	4	11
2024	4	11
2024	4	11
2024	4	11
2024	4	11
2024	4	12
2024	4	12
2024	4	12
2024	4	12
2024	4	12
2024	4	13
2024	4	13
2024	4	13
2024	4	13
2024	4	13
2024	4	13
2024	4	14
2024	4	14
2024	4	14
2024	4	14
2024	4	14
2024	4	14
2024	4	14
2024	4	15
2024	4	15
2024	4	15
2024	4	15
2024	4	15
2024	4	15
2024	4	16
2024	4	16
2024	4	16
2024	4	16
2024	4	16
2024	4	16
2024	4	16
2024	4	17
2024	4	17
2024	4	17
2024	4	17
2024	4	17
2024	4	17
2024	4	17
2024	4	18
2024	4	18
2024	4	18
2024	4	18
2024	4	18
2024	4	18
2024	4	18
2024	4	18
2024	4	19
2024	4	19
2024	4	19
2024	4	19
2024	4	19
2024	4	19
2024	4	19
2024	4	19
2024	4	20
2024	4	20
2024	4	20
2024	4	20
2024	4	20
2024	4	20
2024	4	20
2024	4	21
2024	4	21
2024	4	21
2024	4	21
2024	4	21
2024	4	21
2024	4	22
2024	4	22
2024	4	22
2024	4	22
2024	5	6
2024	5	7
2024	5	7
2024	5	8
2024	5	8
2024	5	8
2024	5	8
2024	5	9
2024	5	9
2024	5	9
2024	5	9
2024	5	9
2024	5	10
2024	5	10
2024	5	10
2024	5	10
2024	5	10
2024	5	10
2024	5	11
2024	5	11
2024	5	11
2024	5	11
2024	5	11
2024	5	11
2024	5	11
2024	5	12
2024	5	12
2024	5	12
2024	5	12
2024	5	12
2024	5	12
2024	5	12
2024	5	13
2024	5	13
2024	5	13
2024	5	13
2024	5	13
2024	5	13
2024	5	13
2024	5	13
2024	5	14
2024	5	14
2024	5	14
2024	5	14
2024	5	14
2024	5	14
2024	5	14
2024	5	14
2024	5	15
2024	5	15
2024	5	15
2024	5	15
2024	5	15
2024	5	15
2024	5	15
2024	5	15
2024	5	15
2024	5	16
2024	5	16
2024	5	16
2024	5	16
2024	5	16
2024	5	16
2024	5	16
2024	5	16
2024	5	16
2024	5	17
2024	5	17
2024	5	17
2024	5	17
2024	5	17
2024	5	17
2024	5	17
2024	5	17
2024	5	18
2024	5	18
2024	5	18
2024	5	18
2024	5	18
2024	5	19
2024	5	19
