2023	7	15
2023	10	8
2023	8	11
2023	12	2
2024	5	11
2023	6	17
2023	7	17
2023	7	15
2023	7	18
2023	8	12
2023	12	3
2023	12	24
2024	4	14
2023	6	16
2023	7	17
2024	4	13
2023	10	30
2024	1	22
2024	5	12
2023	10	31
2023	12	30
2024	1	19
2023	8	13
2023	11	1
2023	6	17
2024	3	17
2024	2	20
2024	1	23
2023	10	7
2024	2	20
2024	1	25
2024	2	21
2023	11	4
2023	12	1
2023	7	17
2023	11	28
2024	3	16
2023	11	3
2023	12	28
2024	1	20
2024	3	18
2023	8	11
2023	11	2
2023	6	19
2023	12	25
2023	12	30
2023	6	20
2024	4	15
2023	12	24
2023	7	16
2023	11	29
2023	11	30
2023	9	8
2024	4	13
2024	4	13